home
003:002:000:STREAM             1639373513.709784
 04 23 02

003:002:000:STREAM             1639373514.389554
 04 00 00

up
003:002:000:STREAM             1639373519.821517
 01 00 00 00 00 00 00 00

003:002:000:STREAM             1639373519.837522
 01 00 52 00 00 00 00 00

003:002:000:STREAM             1639373520.157518
 01 00 00 00 00 00 00 00

dn
003:002:000:STREAM             1639373526.789521
 01 00 51 00 00 00 00 00

003:002:000:STREAM             1639373527.221475
 01 00 00 00 00 00 00 00

lft
003:002:000:STREAM             1639373531.565489
 01 00 50 00 00 00 00 00

003:002:000:STREAM             1639373532.085490
 01 00 00 00 00 00 00 00

rt
003:002:000:STREAM             1639373603.621090
 01 00 4F 00 00 00 00 00

003:002:000:STREAM             1639373604.165076
 01 00 00 00 00 00 00 00

- 
-
-
003:002:000:STREAM             1639373620.780987
 01 00 65 00 00 00 00 00

003:002:000:STREAM             1639373621.252962
 01 00 00 00 00 00 00 00

back
003:002:000:STREAM             1639373627.180930
 01 00 29 00 00 00 00 00

003:002:000:STREAM             1639373627.548928
 01 00 00 00 00 00 00 00

mute
003:002:000:STREAM             1639373632.700883
 04 EA 00

003:002:000:STREAM             1639373633.165124
 04 00 00

volup
003:002:000:STREAM             1639373640.492851
 04 E9 00

003:002:000:STREAM             1639373640.972869
 04 00 00

pwr
003:002:000:STREAM             1639373644.932848
 05 01

003:002:000:STREAM             1639373645.421049
 05 00
